0.24999386 0.25187586 0.24719719 0.25093309
0.25275365 0.25165252 0.24784157 0.24775227
0.24874192 0.25367397 0.24784172 0.24974239
0.24732646 0.25260099 0.24784527 0.25222728
0.24835796 0.25315578 0.24548737 0.25299889
0.25087040 0.24656608 0.25016047 0.25240305
0.25053708 0.24959685 0.24919712 0.25066895
0.24778772 0.24964999 0.24675643 0.25580585
0.25017183 0.24489950 0.24946756 0.25546111
0.25123686 0.25500385 0.24688397 0.24687532
0.25629056 0.24848063 0.24861545 0.24661336
0.24835796 0.25315578 0.24548737 0.25299889
0.24601199 0.24764864 0.25099077 0.25534859
0.24732646 0.25260099 0.24784527 0.25222728
0.24923770 0.24705516 0.25079524 0.25291190
0.25798699 0.24747154 0.24563287 0.24890861
0.25037549 0.24912186 0.24760122 0.25290143
0.24980783 0.24762399 0.24907775 0.25349043
0.25203877 0.24847023 0.24788631 0.25160469
0.24884770 0.24884770 0.25114921 0.25115539
0.24828916 0.24828606 0.24806068 0.25536410
0.25455492 0.24512216 0.25117600 0.24914693
0.24630912 0.25077969 0.24805901 0.25485218
0.24999386 0.25187586 0.24719719 0.25093309
0.25022105 0.25505486 0.24456207 0.25016201
