2.474380265720751426e-01 2.525601192203971723e-01 2.520483641229327443e-01 2.479534900845949963e-01
2.483538778929329505e-01 2.528100072980379864e-01 2.504822369160961681e-01 2.483538778929329505e-01
2.483434241724911951e-01 2.483381934112863787e-01 2.549697783738598678e-01 2.483486040423625862e-01
2.524059839841854558e-01 2.484773096904805412e-01 2.498406228656089856e-01 2.492760834597250730e-01
2.477845544165969138e-01 2.507384818611343991e-01 2.507384818611343991e-01 2.507384818611343991e-01
2.528882473560713495e-01 2.500146187177342272e-01 2.514581864662024935e-01 2.456389474599919298e-01
2.532164875465391374e-01 2.489295362618305085e-01 2.489295362618305085e-01 2.489244399297999288e-01
2.538348114348467632e-01 2.504647630802425695e-01 2.453231591845423942e-01 2.503772663003682730e-01
2.521162614034376803e-01 2.521163322750617497e-01 2.521271842288302367e-01 2.436402220926703333e-01
2.519159193673599084e-01 2.479220096809995333e-01 2.479242955189271680e-01 2.522377754327134181e-01
2.514964947202769641e-01 2.503100698799032853e-01 2.526354369797383370e-01 2.455579984200814414e-01
2.485831001038316390e-01 2.509207940591264285e-01 2.522975138283504726e-01 2.481985920086914321e-01
2.522699946857640541e-01 2.485204613147126429e-01 2.503915185064496951e-01 2.488180254930735247e-01
2.516978867614526050e-01 2.533899114476779735e-01 2.519502027496727803e-01 2.429619990411966690e-01
2.478561567952410061e-01 2.499851177788859347e-01 2.543025686306319977e-01 2.478561567952410061e-01
2.515401424641991457e-01 2.515727371414157587e-01 2.453248944538484189e-01 2.515622259405366212e-01
2.478452493604491880e-01 2.478384158383173386e-01 2.478418435576872358e-01 2.564744912435462099e-01
2.479299523720053522e-01 2.499109793015827918e-01 2.522328355376430298e-01 2.499262327887689095e-01
2.518146271126607272e-01 2.498470775131579613e-01 2.495486903843941728e-01 2.487896049897870832e-01
2.535696581886314194e-01 2.485487125271956532e-01 2.521357439801849565e-01 2.457458853039879987e-01
2.541456960383428054e-01 2.488526143384547640e-01 2.446214910960807509e-01 2.523801985271217352e-01
2.576506943917413195e-01 2.462821790231170538e-01 2.462855573074889948e-01 2.497815692776527152e-01
2.557504483086585623e-01 2.474177347898771917e-01 2.474200159783964403e-01 2.494118009230677502e-01
2.481375217848907910e-01 2.544449454073779981e-01 2.501244770377135662e-01 2.472930557700176168e-01
2.505958000746938974e-01 2.515596456463486397e-01 2.480436904377635587e-01 2.498008638411938764e-01
2.518146271126607272e-01 2.498470775131579613e-01 2.495486903843941728e-01 2.487896049897870832e-01
2.531555300559931720e-01 2.498108400576737054e-01 2.519653835403776188e-01 2.450682463459554483e-01
2.474365188222249767e-01 2.515574142439879757e-01 2.494287125783790915e-01 2.515773543554080116e-01
2.490451793687528115e-01 2.556885394738472317e-01 2.490451793687528115e-01 2.462211017886471454e-01
2.470669541755100007e-01 2.507939779199493402e-01 2.489235017859639520e-01 2.532155661185767626e-01
2.493224123366865608e-01 2.514615658149684796e-01 2.493197924796676790e-01 2.498962293686773917e-01
2.496269751702575035e-01 2.543851219921319240e-01 2.491857444880632155e-01 2.468021583495472737e-01
2.556706711230202766e-01 2.496885108224665972e-01 2.496925785551064869e-01 2.449482394994066115e-01
2.521260038783456059e-01 2.500065510154241832e-01 2.478713398533663737e-01 2.499961052528638927e-01
2.477845544165969138e-01 2.507384818611343991e-01 2.507384818611343991e-01 2.507384818611343991e-01
2.521142014897970185e-01 2.535590493162626080e-01 2.506885177615080229e-01 2.436382314324324061e-01
2.485831001038316390e-01 2.509207940591264285e-01 2.522975138283504726e-01 2.481985920086914321e-01
2.501968010801863818e-01 2.527799099769146851e-01 2.508952397139516677e-01 2.461280492289473765e-01
2.505958000746938974e-01 2.515596456463486397e-01 2.480436904377635587e-01 2.498008638411938764e-01
2.525866114641996951e-01 2.513950440408832532e-01 2.493959698656179613e-01 2.466223746292990626e-01
2.494161103562907988e-01 2.517282741280506553e-01 2.494223329220709717e-01 2.494332825935876297e-01
2.554599936000033766e-01 2.469395842568612442e-01 2.487987393646704515e-01 2.488016827784649554e-01
2.542450523419208519e-01 2.485813220873780427e-01 2.469331093144797040e-01 2.502405162562214569e-01
2.535637147661819468e-01 2.488037904297812630e-01 2.488107859897533691e-01 2.488217088142834488e-01
2.475585707363829879e-01 2.512919097818974157e-01 2.517312516453490967e-01 2.494182678363704997e-01
2.521396159945989424e-01 2.509943372377561599e-01 2.495664749650578218e-01 2.472995718025871315e-01
2.503826402940232398e-01 2.503996472193738554e-01 2.503996472193738554e-01 2.488180652672291326e-01
2.482250495792612810e-01 2.495913439788727817e-01 2.553000415089578534e-01 2.468835649329080839e-01
2.551148298964917016e-01 2.507770401045337771e-01 2.470539789085872129e-01 2.470541510903872806e-01
2.503183407347236988e-01 2.513217549504699888e-01 2.470486500786887030e-01 2.513112542361176094e-01
2.521142014897970185e-01 2.535590493162626080e-01 2.506885177615080229e-01 2.436382314324324061e-01
2.511442112382372693e-01 2.483709882015742443e-01 2.502409200423368896e-01 2.502438805178516801e-01
2.553274183294134692e-01 2.498036564650555902e-01 2.498077260735594440e-01 2.450611991319715521e-01
2.516937394968982167e-01 2.548377995650661365e-01 2.505104652188359649e-01 2.429579957191995709e-01
2.504622951937583997e-01 2.528177142619788542e-01 2.462357065016662072e-01 2.504842840425964279e-01
2.537834397149952292e-01 2.487384441932488088e-01 2.487418561705264930e-01 2.487362599212294967e-01
2.507914108647461005e-01 2.529486104081243303e-01 2.470664951936165643e-01 2.491934835335130050e-01
2.528082440754429450e-01 2.483528134465896042e-01 2.504861290313777911e-01 2.483528134465896042e-01
2.486993461798747140e-01 2.496618621727358933e-01 2.496618621727358933e-01 2.519769294746535548e-01
2.481352905218285609e-01 2.544394126317170435e-01 2.501331103214768370e-01 2.472921865249775586e-01
2.477845544165969138e-01 2.507384818611343991e-01 2.507384818611343991e-01 2.507384818611343991e-01
2.552068262379675878e-01 2.486805662698959030e-01 2.486846175818805404e-01 2.474279899102559410e-01
2.535507618311247380e-01 2.502249431437051364e-01 2.443361375191808460e-01 2.518881575059893074e-01
2.511442112382372693e-01 2.483709882015742443e-01 2.502409200423368896e-01 2.502438805178516801e-01
2.514662914863742271e-01 2.514605984105405811e-01 2.493199649411372842e-01 2.477531451619478520e-01
2.496286018652354721e-01 2.524970647136565161e-01 2.510653978866022595e-01 2.468089355345057245e-01
2.546247565360847953e-01 2.498780808744558712e-01 2.456295221098299120e-01 2.498676404796293382e-01
2.477836851571705856e-01 2.507322436644345842e-01 2.507365239003431778e-01 2.507475472780515968e-01
2.523698145583058716e-01 2.523681382170078757e-01 2.466404185322227938e-01 2.486216286924634866e-01
2.513641962241179861e-01 2.533513255008003062e-01 2.490543258342398647e-01 2.462301524408417597e-01
2.560881802635194271e-01 2.484262898612250858e-01 2.498606867047160340e-01 2.456248431705393975e-01
2.541456960383428054e-01 2.488526143384547640e-01 2.446214910960807509e-01 2.523801985271217352e-01
2.504889763610343434e-01 2.528061633367269523e-01 2.483509914403713159e-01 2.483538688618674162e-01
2.524728817241150280e-01 2.512818508163825459e-01 2.512859445064886676e-01 2.449593229530137306e-01
2.489314511833577437e-01 2.531786325134561810e-01 2.531172158321134957e-01 2.447727004710725240e-01
2.503884582877507481e-01 2.503876650187681907e-01 2.503947051121842571e-01 2.488291715812969152e-01
2.492703212946215108e-01 2.521091111445310506e-01 2.483714712128276825e-01 2.502490963480198394e-01
2.514942789765878262e-01 2.543832963793077884e-01 2.491787418621234373e-01 2.449436827819809759e-01
2.557445595325003040e-01 2.485410405898218766e-01 2.499760999963731578e-01 2.457382998813046615e-01
2.517653738831215904e-01 2.498698732569709369e-01 2.513126052547941525e-01 2.470521476051133203e-01
2.485831001038316390e-01 2.509207940591264285e-01 2.522975138283504726e-01 2.481985920086914321e-01
2.488423894390400792e-01 2.488423894390400792e-01 2.488423894390400792e-01 2.534728316828797623e-01
2.488423894390400792e-01 2.488423894390400792e-01 2.488423894390400792e-01 2.534728316828797623e-01
2.517653738831215904e-01 2.498698732569709369e-01 2.513126052547941525e-01 2.470521476051133203e-01
2.556706711230202766e-01 2.496885108224665972e-01 2.496925785551064869e-01 2.449482394994066115e-01
2.485578561175774137e-01 2.514095161778723275e-01 2.542941366183500418e-01 2.457384910862001615e-01
2.485656072034644337e-01 2.535798250648544916e-01 2.499874211523487044e-01 2.478671465793323148e-01
2.496175065599827991e-01 2.558332079894594102e-01 2.477564885630510749e-01 2.467927968875066602e-01
2.556013965036204039e-01 2.495523802691967663e-01 2.474258949348464576e-01 2.474203282923364278e-01
2.513525311139172547e-01 2.511370496702137189e-01 2.511411410013312806e-01 2.463692782145377180e-01
2.504861290313777911e-01 2.483528134465896042e-01 2.528082440754429450e-01 2.483528134465896042e-01
2.524977767892324643e-01 2.510173806718581369e-01 2.456527699762588446e-01 2.508320725626505543e-01
2.489125783533703562e-01 2.489294854266159984e-01 2.489294854266159984e-01 2.532284507933976747e-01
2.509446478091050259e-01 2.552754390796055373e-01 2.474293382995836066e-01 2.463505748117058025e-01
2.535578687609853499e-01 2.488157417471104083e-01 2.488157417471104083e-01 2.488106477447938891e-01
2.525289644622289442e-01 2.496031507931905091e-01 2.509726410877119451e-01 2.468952436568686293e-01
2.527850343621371731e-01 2.504948255949162594e-01 2.462357806116572956e-01 2.504843594312892718e-01
2.505958000746938974e-01 2.515596456463486397e-01 2.480436904377635587e-01 2.498008638411938764e-01
2.495708019051931514e-01 2.515617315656770159e-01 2.494329933665002386e-01 2.494344731626295386e-01
2.531555300559931720e-01 2.498108400576737054e-01 2.519653835403776188e-01 2.450682463459554483e-01
