DocId	RawFormulaVal:Class=19.2	RawFormulaVal:Class=7.	RawFormulaVal:Class=8.0	RawFormulaVal:Class=a	RawFormulaVal:Class=bc	Class
0	-0.04004262213	-0.007586022663	0.01764627211	0.02258027584	0.007402096844	a
1	0.01845178699	-0.02012315178	0.007311054131	0.01320418461	-0.01884387395	19.2
2	-0.01358682039	-0.03909650573	-0.01473659228	0.09061344813	-0.02319352973	a
3	-0.01382121662	-0.002527490763	0.03825254315	-0.002794256719	-0.01910957905	8.0
4	-0.0258716894	0.004612303238	0.01674755538	-0.03355438472	0.0380662155	bc
5	0.002725823135	-0.03395640898	0.02019366491	-0.01498895154	0.02602587247	bc
6	-0.0143795776	0.03446210758	-0.007868663986	-0.05606107485	0.04384720886	bc
7	-0.02974749246	0.012018815	-0.01914919302	0.03414946107	0.002728409401	a
8	0.0031542107	0.001355737363	0.009671067769	-0.03918295559	0.02500193976	bc
9	-0.01286212477	-0.01899124189	0.0831696779	-0.0269865433	-0.02432976794	8.0
10	0.0773977382	0.00366347704	0.0242054475	-0.06039986103	-0.04486680171	19.2
11	0.0294462212	-0.04363284783	0.04358707708	-0.05354120745	0.024140757	8.0
12	-0.0043748103	-0.0132049933	-0.0104341177	0.03433534828	-0.006321426979	a
13	-0.01879744266	-0.03637807841	0.01817856338	0.09364780874	-0.05665085105	a
14	0.04740065014	0.01578808848	0.02533690383	-0.05627091358	-0.03225472887	19.2
15	-0.002697374232	-0.01571356671	0.005574859745	-0.00479722938	0.01763331058	bc
16	0.01075987418	0.0147922791	0.006471977418	-0.02510354334	-0.006920587355	7.
17	-0.015815938	0.03419374222	0.005866891712	-0.04037832132	0.01613362538	7.
18	0.0572219885	0.001026956895	0.01875767601	-0.06510085121	-0.01190577019	19.2
19	-0.0004916935609	-0.01676243943	-0.002204366849	0.002574994713	0.01688350513	bc
20	0.0133323273	-0.02217360096	0.0176814364	-0.03256091725	0.02372075451	bc
21	-0.04479429586	-0.0383383341	-0.01925395797	0.07654958354	0.02583700439	a
22	-0.03015579174	0.02380599316	-0.02332070182	-0.01354303647	0.04321353687	bc
23	0.005477045877	-0.01507249909	0.05129747424	-0.04605447507	0.004352454036	8.0
24	0.007822619563	-0.03744548085	0.05567677227	-0.04020527222	0.01415136124	8.0
25	-0.04806158115	0.009704956198	-0.03040474211	0.0635974014	0.005163965657	a
26	-0.0224036286	-0.005895579897	0.02994844859	0.02795249815	-0.02960173825	8.0
27	-0.03206550116	0.0007652183163	0.03254209932	-0.0137366544	0.01249483793	8.0
28	-0.03742419462	-0.05559731622	0.04180516611	0.0820643962	-0.03084805147	a
29	-0.02768488222	-0.04002341065	0.0410338041	0.05658030913	-0.02990582037	a
30	-0.01108451987	0.005774951007	0.06044794066	-0.04685120148	-0.008287170323	8.0
31	-0.06637671499	0.01055065365	0.02057465274	0.02965753881	0.005593869783	a
32	0.02463628647	0.003914896994	0.02217577595	-0.03304563305	-0.01768132636	19.2
33	-0.0147078712	0.0190706854	0.0006061887074	-0.04119717054	0.03622816762	bc
34	0.001936384799	0.02001446313	0.03104860329	-0.02909800533	-0.02390144589	8.0
35	-0.03159934882	-0.03345564226	0.0744872292	-0.01766076822	0.008228530096	8.0
36	0.03641340608	-0.02391842533	0.001638647083	-0.02096511901	0.006831491177	19.2
37	-0.00328666562	-0.02312742964	0.05001102007	-0.03065481226	0.007057887452	8.0
38	0.02125926934	-0.014467326	-0.006828232209	-0.001600390573	0.001636679439	19.2
39	-0.02499239673	-0.02361562903	-0.007824400468	0.04320757039	0.01322485583	a
40	-9.228946593e-05	-0.04809950691	0.006553376306	-0.03537352645	0.07701194652	bc
41	-0.0494228767	-0.05175528709	0.02039854354	0.07745774321	0.003321877041	a
42	0.009975524059	-0.02087619378	0.04277512136	-0.04834472786	0.01647027622	8.0
43	-0.02072700023	-0.03969482021	0.02403711824	0.08184010215	-0.04545539993	a
44	-0.0001345089408	-0.007680406369	0.02545971335	-0.03917087075	0.02152607271	8.0
45	0.03653721177	0.03207417785	-0.002478479325	-0.0388444779	-0.0272884324	19.2
46	0.02123713789	-0.04615319576	0.055749439	-0.03382975548	0.002996374348	8.0
47	-0.06173762747	-0.001221813793	0.01172909344	0.04311954525	0.00811080257	a
48	0.05404362306	0.02579115697	0.02422929386	-0.05585371164	-0.04821036225	19.2
49	0.009310452083	-0.005774610932	0.01990956018	-0.03013748249	0.006692081156	8.0
50	0.003190231895	0.01867605584	0.03266672494	-0.05128527492	-0.003247737753	8.0
51	0.04073704891	-0.02184043013	-0.008981755066	-0.05270909845	0.04279423474	bc
52	-0.009249806483	-0.02398325526	-0.006260304156	0.0484892411	-0.008995875207	a
53	-0.01956036258	-0.04639494535	0.006756090045	0.04953948267	0.009659735214	a
54	-0.06162846893	0.006772480485	0.01173491695	0.04242349219	0.0006975793142	a
55	0.002224252038	-0.04787431203	-0.00280301917	0.04053102962	0.007922049541	a
56	-0.0116955801	0.03775825488	-0.004689916698	-0.04061585735	0.01924309927	7.
57	-0.04093878908	-0.04275159978	0.03131817435	0.07479974074	-0.02242752623	a
58	0.01933114883	-0.01968550291	0.00241619047	-0.04770647709	0.0456446407	bc
59	-0.03577970261	-0.03845085609	0.04448129149	0.03528614401	-0.005536876802	8.0
60	-0.04858872114	-0.04167631772	0.01923954698	0.09713307664	-0.02610758477	a
61	-0.03225505996	-0.006034493141	-0.02011269892	0.06995295844	-0.01155070642	a
62	-0.003384703627	0.007815750043	0.01511714209	-0.02726557495	0.007717386449	8.0
63	0.04287651362	-0.01612672464	0.04622997168	-0.05671003111	-0.01626972955	8.0
64	-0.03825034331	-0.03333263683	0.04637100081	0.05566132353	-0.0304493442	a
65	-0.0093245439	-0.02199199517	0.04368152396	-0.01084457906	-0.001520405827	8.0
66	0.01344937229	0.01269437803	0.0004852154829	-0.02046994029	-0.00615902552	19.2
67	0.03677151772	-0.03547606038	0.02680637017	-0.03617657424	0.008074746735	19.2
68	0.04506125989	0.03030394048	-0.01940561215	-0.07433616405	0.01837657584	19.2
69	0.0216323441	0.009541654751	0.02046853022	-0.05206192411	0.0004193950363	19.2
70	-0.03252255415	-0.02369981702	-0.01050712211	0.06345484726	0.00327464602	a
71	0.001364785184	-0.01706623131	-0.006465620008	-0.005217277586	0.02738434372	bc
72	0.01540392183	-0.006150961729	0.03129878062	-0.04969668095	0.009144940227	8.0
73	-0.05012303334	-0.01890984161	-0.01579167832	0.0581841247	0.02664042858	a
74	0.002938132311	0.007470944185	0.0268570764	-0.04694438503	0.009678232137	8.0
75	-0.05046306084	-0.04058989164	-0.01853647703	0.06463404316	0.04495538635	a
76	-0.01193237412	0.008315307566	0.03781714883	-0.04196384784	0.007763765567	8.0
77	-0.01638116833	-0.03719846738	0.0593885892	0.03173284617	-0.03754179966	8.0
78	-0.009461836234	-0.02831648661	0.01532698771	0.003702999462	0.01874833568	bc
79	0.01359125317	-0.01884912816	-0.003402577341	0.01914259908	-0.01048214675	a
80	0.01463352818	-0.009046688156	-0.01755498165	-0.01846820342	0.03043634505	bc
81	-0.04893070655	-0.03713923504	-0.02858761819	0.1154252675	-0.0007677077415	a
82	-0.02067204435	0.01199014934	0.03292128424	-0.02137382297	-0.002865566259	8.0
83	0.04674533909	-0.0370394319	0.03419739228	-0.04023253355	-0.003670765924	19.2
84	0.01045824873	0.02416547217	-0.01367943955	-0.05456919277	0.03362491142	bc
85	-0.0512671838	-0.003017223607	0.0285915294	0.04317157154	-0.01747869353	a
86	0.003456662155	-0.01512335984	0.02021658357	-0.00610007753	-0.002449808351	8.0
87	0.01742593205	0.04040670368	0.03218909282	-0.03910741902	-0.05091430952	7.
88	-0.001110146424	-0.03521119789	0.02539140521	0.03393293347	-0.02300299435	a
89	-0.007537801188	0.04493003602	0.01994080579	-0.05496834454	-0.002364696078	7.
90	0.0009261628483	-0.008372018761	0.02540832406	-0.03026235202	0.01229988388	8.0
91	-0.04224167733	-0.007378724914	0.02941435501	0.04763251678	-0.02742646954	a
92	0.03082366459	0.03790902537	0.02052372693	-0.04813652026	-0.04111989664	7.
93	-0.04788145854	-0.04386335353	0.015130133	0.06889105202	0.007723627044	a
94	0.02193434869	-0.000261843904	0.009315551796	-0.05447728258	0.02348922599	bc
95	-0.01668260346	0.01986222505	0.02939852423	-0.0131230534	-0.01945509242	8.0
96	-0.01800530456	0.003413178701	0.04927525546	-0.03777316313	0.003090033531	8.0
97	-0.04177476205	-0.007146461278	-0.006293102092	0.05445674818	0.00075757723	a
98	-0.0141105128	-0.03472699155	0.0008361012857	0.03099318803	0.01700821503	a
99	-0.03037047965	-0.03359897533	0.04883005671	0.0214970336	-0.00635763533	8.0
