DocId	Probability:Class=0	Probability:Class=1	Probability:Class=2	Probability:Class=3
0	1.164782772e-308	0.4765195016	0.5234804984	1.164782772e-308
1	1.117155811e-308	0.502075833	0.497924167	1.117155811e-308
2	1.174891023e-308	0.4719766185	0.5280233815	1.174891023e-308
3	1.156353188e-308	0.4803079531	0.5196920469	1.156353188e-308
4	1.216081478e-308	0.4534646689	0.5465353311	1.216081478e-308
5	1.188288541e-308	0.4659554617	0.5340445383	1.188288541e-308
6	1.147725049e-308	0.4841856395	0.5158143605	1.147725049e-308
7	1.119947364e-308	0.4966695783	0.5033304217	1.119947364e-308
8	1.143436219e-308	0.4861131399	0.5138868601	1.143436219e-308
9	1.249512977e-308	0.4384397747	0.5615602253	1.249512977e-308
10	1.201033416e-308	0.4602276181	0.5397723819	1.201033416e-308
11	1.133459559e-308	0.509403117	0.490596883	1.133459559e-308
12	1.132817363e-308	0.509114499	0.490885501	1.132817363e-308
13	1.163510441e-308	0.4770913169	0.5229086831	1.163510441e-308
14	1.135538463e-308	0.489662575	0.510337425	1.135538463e-308
15	1.210228144e-308	0.4560952934	0.5439047066	1.210228144e-308
16	1.128851643e-308	0.4926677876	0.5073322124	1.128851643e-308
17	1.21346473e-308	0.4546406965	0.5453593035	1.21346473e-308
18	1.149772322e-308	0.5167344523	0.4832655477	1.149772322e-308
19	1.159922407e-308	0.4787038629	0.5212961371	1.159922407e-308
20	1.227610197e-308	0.448283394	0.551716606	1.227610197e-308
21	1.142240145e-308	0.4866506831	0.5133493169	1.142240145e-308
22	1.179322546e-308	0.469984989	0.530015011	1.179322546e-308
23	1.261727414e-308	0.4329503223	0.5670496777	1.261727414e-308
24	1.237818701e-308	0.4436954546	0.5563045454	1.237818701e-308
25	1.222291113e-308	0.4506739146	0.5493260854	1.222291113e-308
26	1.280982225e-308	0.4242967622	0.5757032378	1.280982225e-308
27	1.127654559e-308	0.5067942149	0.4932057851	1.127654559e-308
28	1.204835376e-308	0.4585189288	0.5414810712	1.204835376e-308
29	1.151857652e-308	0.4823283517	0.5176716483	1.151857652e-308
30	1.126704294e-308	0.4936328566	0.5063671434	1.126704294e-308
31	1.122091816e-308	0.5042941885	0.4957058115	1.122091816e-308
32	1.13187408e-308	0.5086905659	0.4913094341	1.13187408e-308
33	1.117651873e-308	0.4977012253	0.5022987747	1.117651873e-308
34	1.150032935e-308	0.4831484221	0.5168515779	1.150032935e-308
35	1.205438882e-308	0.4582476995	0.5417523005	1.205438882e-308
36	1.283301058e-308	0.4232546246	0.5767453754	1.283301058e-308
37	1.223361281e-308	0.4501929558	0.5498070442	1.223361281e-308
38	1.223419286e-308	0.450166887	0.549833113	1.223419286e-308
39	1.150896056e-308	0.4827605151	0.5172394849	1.150896056e-308
40	1.119761804e-308	0.503247027	0.496752973	1.119761804e-308
41	1.145265397e-308	0.5147089355	0.4852910645	1.145265397e-308
42	1.299046611e-308	0.4161782063	0.5838217937	1.299046611e-308
43	1.123769148e-308	0.5050480208	0.4949519792	1.123769148e-308
44	1.202209861e-308	0.4596988965	0.5403011035	1.202209861e-308
45	1.187252892e-308	0.4664209067	0.5335790933	1.187252892e-308
46	1.231801322e-308	0.4463998049	0.5536001951	1.231801322e-308
47	1.176596e-308	0.4712103623	0.5287896377	1.176596e-308
48	1.113844458e-308	0.5005876337	0.4994123663	1.113844458e-308
49	1.119605492e-308	0.4968232234	0.5031767766	1.119605492e-308
50	1.120187841e-308	0.5034384978	0.4965615022	1.120187841e-308
51	1.218563686e-308	0.4523491069	0.5476508931	1.218563686e-308
52	1.194962483e-308	0.4629560371	0.5370439629	1.194962483e-308
53	1.136446422e-308	0.4892545174	0.5107454826	1.136446422e-308
54	1.2333819e-308	0.4456894565	0.5543105435	1.2333819e-308
55	1.163169994e-308	0.5227556783	0.4772443217	1.163169994e-308
56	1.282101841e-308	0.4237935805	0.5762064195	1.282101841e-308
57	1.120548765e-308	0.5036007054	0.4963992946	1.120548765e-308
58	1.118348546e-308	0.497388124	0.502611876	1.118348546e-308
59	1.148350912e-308	0.5160956378	0.4839043622	1.148350912e-308
60	1.156560751e-308	0.4802146694	0.5197853306	1.156560751e-308
61	1.123948703e-308	0.5051287168	0.4948712832	1.123948703e-308
62	1.243291577e-308	0.4412358169	0.5587641831	1.243291577e-308
63	1.136806254e-308	0.5109071997	0.4890928003	1.136806254e-308
64	1.209512093e-308	0.4564171035	0.5435828965	1.209512093e-308
65	1.131797473e-308	0.4913438632	0.5086561368	1.131797473e-308
66	1.226239818e-308	0.4488992745	0.5511007255	1.226239818e-308
67	1.210606984e-308	0.4559250339	0.5440749661	1.210606984e-308
68	1.174375266e-308	0.4722084116	0.5277915884	1.174375266e-308
69	1.17009892e-308	0.4741303012	0.5258696988	1.17009892e-308
70	1.128954231e-308	0.4926216823	0.5073783177	1.128954231e-308
71	1.193046954e-308	0.4638169205	0.5361830795	1.193046954e-308
72	1.182060463e-308	0.4687545051	0.5312454949	1.182060463e-308
73	1.223916628e-308	0.4499433699	0.5500566301	1.223916628e-308
74	1.237997162e-308	0.4436152502	0.5563847498	1.237997162e-308
75	1.137656142e-308	0.4887108407	0.5112891593	1.137656142e-308
76	1.171114968e-308	0.4736736653	0.5263263347	1.171114968e-308
77	1.246494274e-308	0.4397964501	0.5602035499	1.246494274e-308
78	1.144507929e-308	0.5143685118	0.4856314882	1.144507929e-308
79	1.155423212e-308	0.480725906	0.519274094	1.155423212e-308
80	1.251512053e-308	0.4375413436	0.5624586564	1.251512053e-308
81	1.216228644e-308	0.453398529	0.546601471	1.216228644e-308
82	1.141873551e-308	0.4868154392	0.5131845608	1.141873551e-308
83	1.149427414e-308	0.4834205574	0.5165794426	1.149427414e-308
84	1.210737147e-308	0.4558665357	0.5441334643	1.210737147e-308
85	1.174195067e-308	0.4722893971	0.5277106029	1.174195067e-308
86	1.13881265e-308	0.4881910795	0.5118089205	1.13881265e-308
87	1.161733969e-308	0.4778897049	0.5221102951	1.161733969e-308
88	1.270121304e-308	0.4291779129	0.5708220871	1.270121304e-308
89	1.21641115e-308	0.4533165067	0.5466834933	1.21641115e-308
90	1.284283025e-308	0.4228133059	0.5771866941	1.284283025e-308
91	1.117918116e-308	0.4975815693	0.5024184307	1.117918116e-308
92	1.123833856e-308	0.494922898	0.505077102	1.123833856e-308
93	1.120550504e-308	0.5036014871	0.4963985129	1.120550504e-308
94	1.129427495e-308	0.4924089864	0.5075910136	1.129427495e-308
95	1.17015619e-308	0.4741045627	0.5258954373	1.17015619e-308
96	1.243030284e-308	0.4413532478	0.5586467522	1.243030284e-308
97	1.159241279e-308	0.4790099778	0.5209900222	1.159241279e-308
98	1.193981794e-308	0.4633967815	0.5366032185	1.193981794e-308
99	1.165670674e-308	0.5238795422	0.4761204578	1.165670674e-308
