DocId	Probability:Class=0	Probability:Class=1	Probability:Class=2	Probability:Class=3
0	1.146762388e-308	0.4846182822	0.5153817178	1.146762388e-308
1	1.15964419e-308	0.4788289002	0.5211710998	1.15964419e-308
2	1.20321395e-308	0.4592476356	0.5407523644	1.20321395e-308
3	1.128729862e-308	0.4927225188	0.5072774812	1.128729862e-308
4	1.189282741e-308	0.4655086451	0.5344913549	1.189282741e-308
5	1.203741067e-308	0.4590107371	0.5409892629	1.203741067e-308
6	1.149427798e-308	0.4834203846	0.5165796154	1.149427798e-308
7	1.143282899e-308	0.4861820454	0.5138179546	1.143282899e-308
8	1.213292543e-308	0.4547180814	0.5452819186	1.213292543e-308
9	1.164071166e-308	0.4768393142	0.5231606858	1.164071166e-308
10	1.217095319e-308	0.453009025	0.546990975	1.217095319e-308
11	1.144585337e-308	0.4855966996	0.5144033004	1.144585337e-308
12	1.121622182e-308	0.4959168758	0.5040831242	1.121622182e-308
13	1.170925221e-308	0.4737589424	0.5262410576	1.170925221e-308
14	1.16875674e-308	0.4747335079	0.5252664921	1.16875674e-308
15	1.196015978e-308	0.4624825718	0.5375174282	1.196015978e-308
16	1.156504902e-308	0.5197602307	0.4802397693	1.156504902e-308
17	1.191631568e-308	0.4644530278	0.5355469722	1.191631568e-308
18	1.171186899e-308	0.473641338	0.526358662	1.171186899e-308
19	1.159616789e-308	0.4788412149	0.5211587851	1.159616789e-308
20	1.164356255e-308	0.4767111884	0.5232888116	1.164356255e-308
21	1.224956469e-308	0.4494760415	0.5505239585	1.224956469e-308
22	1.123736324e-308	0.5050332686	0.4949667314	1.123736324e-308
23	1.218405218e-308	0.4524203258	0.5475796742	1.218405218e-308
24	1.201200968e-308	0.4601523164	0.5398476836	1.201200968e-308
25	1.122323212e-308	0.4956018165	0.5043981835	1.122323212e-308
26	1.15400241e-308	0.4813644476	0.5186355524	1.15400241e-308
27	1.116330557e-308	0.5017049448	0.4982950552	1.116330557e-308
28	1.199661295e-308	0.4608442814	0.5391557186	1.199661295e-308
29	1.133070685e-308	0.4907716523	0.5092283477	1.133070685e-308
30	1.120695758e-308	0.4963332324	0.5036667676	1.120695758e-308
31	1.119564284e-308	0.5031582571	0.4968417429	1.119564284e-308
32	1.174370956e-308	0.4722103486	0.5277896514	1.174370956e-308
33	1.209301861e-308	0.4565115866	0.5434884134	1.209301861e-308
34	1.186152747e-308	0.4669153375	0.5330846625	1.186152747e-308
35	1.189391796e-308	0.4654596334	0.5345403666	1.189391796e-308
36	1.182700329e-308	0.4684669344	0.5315330656	1.182700329e-308
37	1.150479344e-308	0.4829477952	0.5170522048	1.150479344e-308
38	1.166386571e-308	0.4757987174	0.5242012826	1.166386571e-308
39	1.205060988e-308	0.4584175335	0.5415824665	1.205060988e-308
40	1.133350164e-308	0.4906460477	0.5093539523	1.133350164e-308
41	1.222493541e-308	0.4505829385	0.5494170615	1.222493541e-308
42	1.261620405e-308	0.4329984147	0.5670015853	1.261620405e-308
43	1.150267247e-308	0.4830431166	0.5169568834	1.150267247e-308
44	1.169573047e-308	0.4743666406	0.5256333594	1.169573047e-308
45	1.124481721e-308	0.4946317323	0.5053682677	1.124481721e-308
46	1.139595594e-308	0.487839206	0.512160794	1.139595594e-308
47	1.168820398e-308	0.4747048986	0.5252951014	1.168820398e-308
48	1.13790445e-308	0.4885992455	0.5114007545	1.13790445e-308
49	1.155999676e-308	0.4804668294	0.5195331706	1.155999676e-308
50	1.131658888e-308	0.5085938533	0.4914061467	1.131658888e-308
51	1.269831994e-308	0.4293079354	0.5706920646	1.269831994e-308
52	1.233658545e-308	0.4455651259	0.5544348741	1.233658545e-308
53	1.149390171e-308	0.4834372952	0.5165627048	1.149390171e-308
54	1.243144049e-308	0.4413021193	0.5586978807	1.243144049e-308
55	1.125046613e-308	0.4943778571	0.5056221429	1.125046613e-308
56	1.155355e-308	0.4807565621	0.5192434379	1.155355e-308
57	1.164517573e-308	0.4766386886	0.5233613114	1.164517573e-308
58	1.191059414e-308	0.464710167	0.535289833	1.191059414e-308
59	1.154985435e-308	0.4809226533	0.5190773467	1.154985435e-308
60	1.186840549e-308	0.4666062231	0.5333937769	1.186840549e-308
61	1.177171499e-308	0.4709517195	0.5290482805	1.177171499e-308
62	1.165726555e-308	0.4760953439	0.5239046561	1.165726555e-308
63	1.156663964e-308	0.5198317168	0.4801682832	1.156663964e-308
64	1.202782023e-308	0.4594417534	0.5405582466	1.202782023e-308
65	1.208438471e-308	0.4568996143	0.5431003857	1.208438471e-308
66	1.147411615e-308	0.484326504	0.515673496	1.147411615e-308
67	1.137766303e-308	0.4886613319	0.5113386681	1.137766303e-308
68	1.204511437e-308	0.4586645145	0.5413354855	1.204511437e-308
69	1.152151095e-308	0.4821964718	0.5178035282	1.152151095e-308
70	1.145745912e-308	0.4850751099	0.5149248901	1.145745912e-308
71	1.205912651e-308	0.4580347763	0.5419652237	1.205912651e-308
72	1.25005795e-308	0.4381948513	0.5618051487	1.25005795e-308
73	1.189889324e-308	0.4652360329	0.5347639671	1.189889324e-308
74	1.22829053e-308	0.4479776368	0.5520223632	1.22829053e-308
75	1.139022133e-308	0.4880969326	0.5119030674	1.139022133e-308
76	1.182215398e-308	0.4686848736	0.5313151264	1.182215398e-308
77	1.21447555e-308	0.4541864101	0.5458135899	1.21447555e-308
78	1.133575733e-308	0.4905446718	0.5094553282	1.133575733e-308
79	1.224794245e-308	0.4495489485	0.5504510515	1.224794245e-308
80	1.245902358e-308	0.4400624711	0.5599375289	1.245902358e-308
81	1.169069265e-308	0.4745930522	0.5254069478	1.169069265e-308
82	1.133398852e-308	0.5093758337	0.4906241663	1.133398852e-308
83	1.167787711e-308	0.4751690123	0.5248309877	1.167787711e-308
84	1.131012781e-308	0.4916965223	0.5083034777	1.131012781e-308
85	1.130301539e-308	0.4920161707	0.5079838293	1.130301539e-308
86	1.19992274e-308	0.4607267818	0.5392732182	1.19992274e-308
87	1.123965244e-308	0.4948638494	0.5051361506	1.123965244e-308
88	1.201805118e-308	0.4598807973	0.5401192027	1.201805118e-308
89	1.159424755e-308	0.4789275195	0.5210724805	1.159424755e-308
90	1.199321692e-308	0.460996907	0.539003093	1.199321692e-308
91	1.140606373e-308	0.4873849382	0.5126150618	1.140606373e-308
92	1.147287262e-308	0.4843823915	0.5156176085	1.147287262e-308
93	1.131377067e-308	0.4915328035	0.5084671965	1.131377067e-308
94	1.242674569e-308	0.4415131144	0.5584868856	1.242674569e-308
95	1.129384896e-308	0.4924281315	0.5075718685	1.129384896e-308
96	1.18771561e-308	0.4662129505	0.5337870495	1.18771561e-308
97	1.149633487e-308	0.4833279431	0.5166720569	1.149633487e-308
98	1.207367527e-308	0.4573809213	0.5426190787	1.207367527e-308
99	1.120058546e-308	0.5033803897	0.4966196103	1.120058546e-308
