0.32777988 0.33485122 0.33736891
0.33597596 0.33052291 0.33350113
0.33024994 0.33488191 0.33486815
0.33398515 0.33699546 0.32901939
0.33697956 0.33151022 0.33151022
0.33026354 0.33486823 0.33486823
0.33283347 0.33233389 0.33483265
0.33025474 0.33285185 0.33689342
0.33583197 0.33332933 0.33083870
0.33026354 0.33486823 0.33486823
0.33697954 0.33151703 0.33150343
0.33483082 0.33232898 0.33284020
0.33151764 0.33424118 0.33424118
0.33026354 0.33486823 0.33486823
0.33398703 0.33699338 0.32901959
0.33333056 0.33166806 0.33500138
0.33835917 0.33035347 0.33128736
0.33025474 0.33285185 0.33689342
0.33234013 0.33531975 0.33234013
0.33499581 0.33499581 0.33000837
0.33151022 0.33151022 0.33697956
0.33583197 0.33083871 0.33332932
0.33597596 0.33052291 0.33350113
0.32984400 0.33533087 0.33482513
0.33025474 0.33285185 0.33689342
