0.33255949 0.33487609 0.33256442
0.33007448 0.33618710 0.33373842
0.33117212 0.33670658 0.33212130
0.33146800 0.34101186 0.32752014
0.33082345 0.33232619 0.33685037
0.33596675 0.33351069 0.33052256
0.33390943 0.32968522 0.33640535
0.33359043 0.33233779 0.33407179
0.33590748 0.32940948 0.33468304
0.33151153 0.33551976 0.33296872
0.33153354 0.33090806 0.33755840
0.33574803 0.33329784 0.33095412
0.33583249 0.33083980 0.33332771
0.33051514 0.33350930 0.33597556
0.33007448 0.33618710 0.33373842
0.33333333 0.33333333 0.33333333
0.33864847 0.33149969 0.32985184
0.33433966 0.33134010 0.33432024
0.33531727 0.33632927 0.32835346
0.33616377 0.33589201 0.32794422
0.33503751 0.33487712 0.33008537
0.33059383 0.33133601 0.33807015
0.33330890 0.32984035 0.33685075
0.33255949 0.33487609 0.33256442
0.33059383 0.33133601 0.33807015
