0.33005124 0.33391082 0.33603794
0.33916335 0.33257475 0.32826190
0.33350222 0.33052012 0.33597765
0.33671194 0.33912019 0.32416787
0.33438587 0.33168470 0.33392943
0.33308733 0.32673465 0.34017803
0.33266063 0.33483818 0.33250119
0.33772583 0.32789253 0.33438164
0.33513337 0.33359852 0.33126811
0.32984579 0.33483077 0.33532343
0.34373772 0.33044926 0.32581302
0.33916335 0.33257475 0.32826190
0.33972517 0.33148797 0.32878686
0.33872168 0.33050881 0.33076951
0.33349995 0.33051875 0.33598130
0.32919500 0.34159186 0.32921314
0.33489868 0.33200829 0.33309303
0.33916335 0.33257475 0.32826190
0.33308733 0.32673465 0.34017803
0.34373772 0.33044926 0.32581302
0.33253935 0.33141926 0.33604139
0.33385905 0.32864662 0.33749433
0.33916335 0.33257475 0.32826190
0.33082431 0.33457090 0.33460480
0.32777106 0.33738287 0.33484607
