0.33333798 0.33532738 0.33133464
0.33759865 0.33281705 0.32958430
0.32900525 0.33902495 0.33196980
0.33107613 0.34205054 0.32687333
0.32999213 0.34002501 0.32998286
0.33333798 0.33532738 0.33133464
0.33188200 0.32733506 0.34078294
0.34002549 0.33082523 0.32914928
0.33466896 0.33116054 0.33417050
0.33233184 0.33233184 0.33533632
0.33612374 0.33532142 0.32855484
0.33537358 0.33351019 0.33111623
0.33330524 0.32835370 0.33834106
0.33035271 0.32839326 0.34125403
0.32899705 0.33902109 0.33198185
0.33256422 0.33716344 0.33027234
0.33348348 0.32791987 0.33859665
0.33658501 0.33305650 0.33035850
0.33501005 0.33332263 0.33166733
0.33446347 0.33333161 0.33220493
0.33084315 0.33645680 0.33270005
0.33566994 0.33016408 0.33416599
0.33444292 0.33733496 0.32822213
0.33759865 0.33281705 0.32958430
0.33315580 0.32966324 0.33718096
