0.31383627 0.34308187 0.34308187
0.33323234 0.31411891 0.35264874
0.30214910 0.35076580 0.34708511
0.34061927 0.39270556 0.26667516
0.36120348 0.36231115 0.27648537
0.26860472 0.38620046 0.34519482
0.30654348 0.32669222 0.36676430
0.25084148 0.31279142 0.43636710
0.29934334 0.33580726 0.36484940
0.28416057 0.35791971 0.35791971
0.39686904 0.30491139 0.29821957
0.35758151 0.31556457 0.32685392
0.29128557 0.33661631 0.37209812
0.30669139 0.34621375 0.34709486
0.36998831 0.37354297 0.25646872
0.33256307 0.30597279 0.36146414
0.40506639 0.26823621 0.32669740
0.25084148 0.31279142 0.43636710
0.36565285 0.29868682 0.33566032
0.39204749 0.34119558 0.26675692
0.27485500 0.36214071 0.36300429
0.45318166 0.27196797 0.27485037
0.33323234 0.31411891 0.35264874
0.26118789 0.37574058 0.36307152
0.25084148 0.31279142 0.43636710
