DocId	Probability:Class=0.0	Probability:Class=7.0	Probability:Class=9999.0	Probability:Class=10000000.0
0	0.24899604	0.2579130347	0.2489367112	0.2441542141
1	0.243660583	0.2553272065	0.254143131	0.2468690795
2	0.2394900821	0.2441658086	0.2676473925	0.2486967169
3	0.2404840682	0.2481546831	0.2703383178	0.2410229309
4	0.2555567569	0.2439693219	0.2568323974	0.2436415238
5	0.2469660787	0.2432400956	0.2618052012	0.2479886244
6	0.237061989	0.2437517391	0.2642447245	0.2549415473
7	0.2469573817	0.2464449553	0.2636726054	0.2429250576
8	0.2426894961	0.243044489	0.2648004025	0.2494656124
9	0.2453152769	0.2560035586	0.2633024788	0.2353786857
10	0.249122879	0.2455843291	0.2644095023	0.2408832896
11	0.2418829823	0.2492499375	0.2606687214	0.2481983588
12	0.2444888043	0.2430883463	0.2657759615	0.2466468879
13	0.2426814458	0.2653926383	0.2525236774	0.2394022385
14	0.2425273024	0.2492073791	0.2600996465	0.2481656719
15	0.2379984686	0.2419421692	0.2720909398	0.2479684224
16	0.2398711501	0.2516921903	0.2553489509	0.2530877087
17	0.230933819	0.2557994837	0.2546842635	0.2585824338
18	0.2468236961	0.2530198502	0.2512463657	0.2489100879
19	0.2412680873	0.2507600096	0.2621366982	0.245835205
20	0.2350144425	0.2537119789	0.2615786726	0.249694906
21	0.2389528524	0.2698392187	0.2470683528	0.2441395761
22	0.2491073075	0.2534040496	0.2488743718	0.248614271
23	0.2402405215	0.2397539032	0.2805790395	0.2394265357
24	0.2349105698	0.2438797071	0.2664674789	0.2547422442
25	0.2442710501	0.2325349668	0.2733237005	0.2498702826
26	0.2378817289	0.2615313084	0.2569610726	0.2436258901
27	0.2430778271	0.2426869715	0.2659088277	0.2483263737
28	0.2393559723	0.2547381119	0.2596422948	0.246263621
29	0.2387538913	0.25014803	0.2653377135	0.2457603652
30	0.2391824642	0.257193257	0.2537279921	0.2498962867
31	0.2553685418	0.2408420361	0.2525311542	0.2512582679
32	0.2568198357	0.2496881063	0.2511094355	0.2423826226
33	0.2431853307	0.2504446584	0.2471028408	0.2592671701
34	0.2456937659	0.2418920956	0.2554490258	0.2569651127
35	0.2319159097	0.2531026133	0.2571962032	0.2577852738
36	0.2372414426	0.2557110589	0.2624466037	0.2446008948
37	0.247770661	0.2538917867	0.2582340252	0.2401035271
38	0.2396823953	0.25336701	0.2665347732	0.2404158215
39	0.2458196521	0.2409192254	0.2726332866	0.2406278358
40	0.2445274668	0.2522955568	0.2569675221	0.2462094542
41	0.2487451502	0.2411964198	0.2619079916	0.2481504384
42	0.2394907735	0.2542138948	0.2604422798	0.2458530519
43	0.2437692059	0.2431977034	0.2579698746	0.2550632161
44	0.249474873	0.259086763	0.2615430847	0.2298952793
45	0.2407347738	0.2510358857	0.2558872761	0.2523420644
46	0.2487650087	0.2601802672	0.251717962	0.2393367621
47	0.2439971788	0.235314367	0.2662030193	0.2544854349
48	0.2464678613	0.2500104204	0.258699958	0.2448217603
49	0.2391947866	0.2541954769	0.2607690185	0.2458407179
50	0.246600036	0.2432936704	0.2627067691	0.2473995245
51	0.2337649768	0.2572829251	0.2594040815	0.2495480165
52	0.2362798081	0.2606426136	0.2616003493	0.241477229
53	0.2566505953	0.2544017439	0.2451619248	0.243785736
54	0.2360976178	0.2575029402	0.2643083578	0.2420910842
55	0.2454879815	0.2654481168	0.2476201493	0.2414437524
56	0.2433976898	0.2436356875	0.2626049299	0.2503616927
57	0.2482273355	0.2595954862	0.2525465585	0.2396306198
58	0.2407617365	0.2453565698	0.2666044463	0.2472772474
59	0.2357299213	0.2489625819	0.2708934841	0.2444140127
60	0.2354715132	0.2471893747	0.269297399	0.2480417132
61	0.2457061465	0.2350411679	0.26923188	0.2500208057
62	0.2430656508	0.2468751501	0.2544542914	0.2556049077
63	0.2415304896	0.2392653383	0.2668212374	0.2523829347
64	0.2462749726	0.2638451227	0.2431908729	0.2466890318
65	0.2388846267	0.2446139631	0.2668870693	0.2496143409
66	0.2393646099	0.2565831284	0.2583166628	0.2457355988
67	0.2413760585	0.2375949969	0.2702473336	0.250781611
68	0.2395480807	0.2534765949	0.25916576	0.2478095643
69	0.2497275015	0.2562449506	0.2493748249	0.2446527231
70	0.2436724991	0.2487053396	0.2573789246	0.2502432367
71	0.2355103126	0.2598118887	0.2582084692	0.2464693295
72	0.2459476667	0.2531621335	0.2574653343	0.2434248655
73	0.2495345605	0.2428022952	0.2771968135	0.2304663307
74	0.241654837	0.2580234126	0.2614161124	0.238905638
75	0.2455801692	0.2344914843	0.2753614954	0.2445668511
76	0.2338940959	0.2647151258	0.2461932454	0.2551975329
77	0.236600926	0.2722874213	0.2455950382	0.2455166144
78	0.2440041927	0.254389622	0.250608135	0.2509980504
79	0.2422599468	0.2479783471	0.2728155462	0.23694616
80	0.2356835874	0.2669308924	0.2551697955	0.2422157248
81	0.2401244128	0.2531910901	0.2678682865	0.2388162106
82	0.2509747127	0.2463337544	0.2567566621	0.2459348709
83	0.2402354573	0.2490843952	0.2742158418	0.2364643057
84	0.2469835132	0.2371725301	0.2609893057	0.2548546511
85	0.2354914209	0.2548723802	0.2557798281	0.2538563708
86	0.2432987019	0.2456879163	0.2651822209	0.2458311608
87	0.2401810434	0.258437426	0.2519125637	0.249468967
88	0.2495846929	0.2525782238	0.2572055527	0.2406315306
89	0.2492915258	0.2626853945	0.2464802999	0.2415427799
90	0.239437427	0.2602132498	0.2498754548	0.2504738684
91	0.2438944184	0.257489713	0.2566216713	0.2419941973
92	0.2435414777	0.253349454	0.2530437107	0.2500653576
93	0.2433891669	0.2560019141	0.2514866859	0.2491222331
94	0.2402145007	0.2626681943	0.2465937791	0.2505235259
95	0.2424393838	0.2470499293	0.2536957348	0.2568149521
96	0.2390661214	0.2536286461	0.2574282426	0.24987699
97	0.2494515606	0.2341319524	0.2668093361	0.2496071509
98	0.2352239822	0.2543518046	0.2652588546	0.2451653586
99	0.262597111	0.240134136	0.2608871066	0.2363816465
