0.36745577 0.31627211 0.31627212
0.33659786 0.28884827 0.37455387
0.31512366 0.43805272 0.24682362
0.30476091 0.39712859 0.29811050
0.34342221 0.31091651 0.34566128
0.32214410 0.39964086 0.27821504
0.32079928 0.27529087 0.40390985
0.28755338 0.27734691 0.43509970
0.39099134 0.29329572 0.31571294
0.33333333 0.33333333 0.33333333
0.32401285 0.30614179 0.36984535
0.43998357 0.29776607 0.26225036
0.37366839 0.24368242 0.38264918
0.34812574 0.34812574 0.30374852
0.37681687 0.29031517 0.33286796
0.37171706 0.33035051 0.29793243
0.34532295 0.33257895 0.32209810
0.40930091 0.25192826 0.33877082
0.27587710 0.40381178 0.32031112
0.29997918 0.45343653 0.24658429
0.28536469 0.32943327 0.38520204
0.32230573 0.27741111 0.40028315
0.28349357 0.31114563 0.40536080
0.35830927 0.30747971 0.33421102
0.28755338 0.27734691 0.43509970
