0.33333333 0.33333333 0.33333333
0.33231500 0.33234200 0.33534301
0.33352215 0.33596618 0.33051168
0.33175641 0.34102303 0.32722057
0.33434448 0.33134356 0.33431196
0.33333333 0.33333333 0.33333333
0.33233593 0.33481911 0.33284496
0.33234445 0.33233912 0.33531643
0.33948007 0.33150675 0.32901318
0.33151935 0.33151935 0.33696129
0.33582049 0.33334345 0.33083606
0.33618649 0.33121063 0.33260289
0.33696183 0.32869264 0.33434553
0.33329258 0.33585017 0.33085724
0.33231500 0.33234200 0.33534301
0.33133757 0.33431859 0.33434384
0.33789405 0.32971206 0.33239389
0.33497637 0.32755626 0.33746737
0.33333333 0.33333333 0.33333333
0.33255462 0.33434297 0.33310241
0.33134293 0.33431859 0.33433848
0.33169846 0.32982454 0.33847700
0.33582053 0.33085277 0.33332670
0.33021781 0.33224113 0.33754105
0.33086452 0.32902289 0.34011259
