0.36137635 0.31799757 0.32062607
0.27171195 0.31808459 0.41020346
0.29484871 0.31232279 0.39282851
0.32523997 0.37921764 0.29554239
0.34516098 0.34659232 0.30824670
0.42005799 0.31707641 0.26286559
0.26543601 0.26372731 0.47083667
0.33351009 0.33351009 0.33297982
0.37794192 0.28985531 0.33220277
0.27132853 0.34175688 0.38691459
0.41922708 0.32651449 0.25425843
0.38335741 0.31182852 0.30481407
0.36036386 0.25328169 0.38635445
0.28416057 0.35791971 0.35791972
0.35124085 0.36948152 0.27927763
0.34308186 0.34308186 0.31383628
0.41534854 0.35528832 0.22936314
0.39120364 0.32501247 0.28378389
0.30179186 0.30179186 0.39641628
0.27171195 0.31808459 0.41020346
0.33394757 0.40155346 0.26449897
0.41257811 0.25580491 0.33161698
0.38943188 0.29544210 0.31512602
0.42714658 0.30459028 0.26826313
0.37000041 0.23863260 0.39136698
