0.33333333 0.33333333 0.33333333
0.33113589 0.33115893 0.33770519
0.33241369 0.33789231 0.32969400
0.33453338 0.33617072 0.32929590
0.33583104 0.33083659 0.33333237
0.33082403 0.33835194 0.33082403
0.32952695 0.33496430 0.33550875
0.33282340 0.32984142 0.33733518
0.34103911 0.33177088 0.32719001
0.33151456 0.33152061 0.33696483
0.33716433 0.33257456 0.33026111
0.33832512 0.32694907 0.33472581
0.33716308 0.32744133 0.33539559
0.33424118 0.33424118 0.33151764
0.33131345 0.33133650 0.33735005
0.33233450 0.33532597 0.33233953
0.33345121 0.33306321 0.33348559
0.34123524 0.32693637 0.33182839
0.33082403 0.33835194 0.33082403
0.33082599 0.33549395 0.33368006
0.33034039 0.33331925 0.33634036
0.33282036 0.32982836 0.33735128
0.33598319 0.33140950 0.33260731
0.33533468 0.33233871 0.33232661
0.33199495 0.32902699 0.33897807
