0.25281446 0.16320909 0.13822904 0.22094653 0.22480089
0.19308794 0.19438529 0.22437205 0.19438529 0.19376943
0.17730019 0.26403167 0.17641031 0.20495763 0.17730019
0.22543802 0.18304132 0.18304132 0.18304132 0.22543802
0.28479844 0.18385694 0.13352578 0.22365276 0.17416609
0.29951939 0.15699628 0.14311255 0.17046371 0.22990807
0.27008164 0.17435624 0.15893732 0.18931285 0.20731196
0.20681321 0.18953940 0.21789680 0.22409472 0.16165587
0.19345658 0.19345658 0.19345658 0.19345658 0.22617366
0.20800750 0.16831166 0.19307346 0.22193060 0.20867678
0.25708767 0.17622088 0.15526288 0.21820648 0.19322208
0.24456355 0.21044383 0.18166421 0.18166421 0.18166421
0.19233117 0.16973166 0.19233117 0.19233117 0.25327482
0.17726719 0.26398253 0.20620616 0.17527693 0.17726719
0.19345658 0.19345658 0.19345658 0.19345658 0.22617366
0.17484176 0.22169213 0.18366565 0.21842137 0.20137909
0.28479844 0.18385694 0.13352578 0.22365276 0.17416609
0.19704359 0.23522851 0.20679832 0.16189374 0.19903584
0.27352145 0.15139944 0.19308679 0.16832946 0.21366286
0.25198079 0.18146310 0.16164763 0.22603507 0.17887341
0.23060458 0.18748821 0.18307776 0.16327563 0.23555382
0.21460451 0.15969159 0.21266706 0.21871623 0.19432061
0.23077745 0.25609820 0.17110963 0.17004195 0.17197277
0.29228884 0.18869251 0.14848282 0.17686033 0.19367550
0.21175734 0.18207030 0.16916312 0.22700706 0.21000218
0.21460451 0.15969159 0.21266706 0.21871623 0.19432061
0.17654087 0.16179552 0.20019409 0.27629034 0.18517917
0.20391318 0.16552678 0.16525909 0.23225515 0.23304580
0.26301208 0.16979235 0.18095268 0.18435746 0.20188543
0.21143235 0.18193485 0.16903727 0.22683818 0.21075735
0.26615000 0.16772822 0.21359297 0.16772822 0.18480059
0.29435165 0.15796238 0.17661923 0.17562630 0.19544045
0.29435165 0.15796238 0.17661923 0.17562630 0.19544045
0.17377987 0.25525333 0.19647878 0.20170469 0.17278333
0.19270370 0.19296304 0.22784022 0.16804342 0.21844962
0.22401136 0.17387123 0.18536858 0.21678438 0.19996444
0.26301208 0.16979235 0.18095268 0.18435746 0.20188543
0.17725062 0.18818103 0.21633519 0.25773583 0.16049733
0.20319759 0.17956257 0.17902976 0.17719441 0.26101568
0.20891343 0.16575673 0.27345237 0.16575673 0.18612073
0.16186042 0.27568502 0.20922009 0.18973754 0.16349694
0.18107532 0.21117105 0.24374725 0.18229197 0.18171442
0.19371840 0.19371840 0.19371840 0.19371840 0.22512639
0.20519728 0.23865523 0.16277442 0.22989168 0.16348139
0.20448912 0.14770255 0.28113268 0.20229583 0.16437982
0.24306448 0.18234593 0.21047544 0.18234593 0.18176821
0.18788213 0.18716259 0.24919102 0.18788213 0.18788213
0.19896217 0.17208538 0.18304903 0.24452740 0.20137602
0.23523600 0.14949885 0.18941264 0.18834779 0.23750472
0.20061288 0.17258585 0.19797647 0.22756643 0.20125837
