0.25975773 0.29165991 0.20876902 0.23981335
0.27397247 0.30762044 0.16547041 0.25293667
0.21845151 0.29634084 0.22008504 0.26512262
0.23936128 0.23852046 0.21032862 0.31178965
0.23665613 0.26307195 0.23880114 0.26147078
0.25975773 0.29165991 0.20876902 0.23981335
0.26838543 0.19284075 0.27953227 0.25924154
0.25259769 0.27435110 0.26141093 0.21164028
0.22754527 0.18321080 0.30127396 0.28796997
0.25975773 0.29165991 0.20876902 0.23981335
0.27397247 0.30762044 0.16547041 0.25293667
0.19488597 0.34546823 0.19665238 0.26299342
0.23291215 0.31891977 0.20175003 0.24641804
0.26731254 0.26267677 0.18802300 0.28198769
0.26656166 0.26656166 0.20031503 0.26656166
0.23665613 0.26307195 0.23880114 0.26147078
0.25715392 0.16684647 0.29627820 0.27972141
0.29771768 0.29716035 0.18595741 0.21916457
0.23316161 0.23462944 0.26296671 0.26924225
0.22332468 0.22135316 0.29593555 0.25938661
0.26586041 0.23856319 0.23877385 0.25680255
0.18605188 0.32224201 0.24723050 0.24447561
0.21275094 0.26289344 0.28733943 0.23701619
0.25016179 0.24692019 0.21773554 0.28518248
0.18605188 0.32224201 0.24723050 0.24447561
