0.23217316 0.23217316 0.26782684 0.26782684
0.15515798 0.22989936 0.18473780 0.43020486
0.20022520 0.27126451 0.19477555 0.33373475
0.20937656 0.35535213 0.21394821 0.22132310
0.22917849 0.20292336 0.33537573 0.23252243
0.24713221 0.19286450 0.31322074 0.24678255
0.20937656 0.35535213 0.21394821 0.22132310
0.20903426 0.26630032 0.18268631 0.34197910
0.20012169 0.31281107 0.19341985 0.29364740
0.23217316 0.23217316 0.26782684 0.26782684
0.20012169 0.31281107 0.19341985 0.29364740
0.15628759 0.20520404 0.17238405 0.46612432
0.15628759 0.20520404 0.17238405 0.46612432
0.32945764 0.28628249 0.17688739 0.20737248
0.15515798 0.22989936 0.18473780 0.43020486
0.35043181 0.23065420 0.21025956 0.20865442
0.24863073 0.30464107 0.19840930 0.24831889
0.21913650 0.19279561 0.16728900 0.42077890
0.25805297 0.25805297 0.25805297 0.22584108
0.24697339 0.21795325 0.31712011 0.21795325
0.26556182 0.21846420 0.20098922 0.31498476
0.18541195 0.22905445 0.23032655 0.35520705
0.23824968 0.23906956 0.31260874 0.21007202
0.24697339 0.21795325 0.31712011 0.21795325
0.20199241 0.21738812 0.19950732 0.38111214
