0.24813160 0.25187146 0.25001155 0.24998540
0.24999974 0.25214403 0.24786197 0.24999426
0.24749608 0.25452390 0.24749608 0.25048393
0.25049498 0.24849902 0.24849902 0.25250698
0.24813596 0.25374225 0.24813334 0.24998844
0.24813596 0.25374225 0.24813334 0.24998844
0.25134612 0.24801709 0.25143091 0.24920588
0.25129929 0.25129929 0.24756142 0.24984000
0.24877062 0.24547569 0.25099177 0.25476192
0.25173343 0.24942503 0.24942503 0.24941651
0.25009418 0.25138277 0.24843094 0.25009211
0.24749608 0.25452390 0.24749608 0.25048393
0.24522342 0.25219353 0.24652268 0.25606037
0.25049236 0.24850434 0.24851045 0.25249285
0.25106683 0.25106683 0.24679951 0.25106683
0.25173012 0.24942329 0.24942329 0.24942329
0.24840578 0.24881009 0.25252250 0.25026163
0.25049638 0.25049638 0.24851087 0.25049638
0.24999732 0.25000529 0.25001144 0.24998595
0.24835499 0.25064877 0.25264519 0.24835104
0.25000000 0.25000000 0.25000000 0.25000000
0.24630297 0.25812818 0.24630035 0.24926851
0.24751157 0.24878684 0.25619208 0.24750951
0.25215139 0.24787092 0.24997912 0.24999857
0.24522342 0.25219353 0.24652268 0.25606037
