0.25057557 0.25286457 0.24714139 0.24941847
0.25163257 0.25393124 0.24396559 0.25047059
0.24800516 0.25299056 0.24801153 0.25099276
0.24942392 0.24955544 0.24744013 0.25358051
0.24916815 0.25083027 0.24917713 0.25082445
0.25057557 0.25286457 0.24714139 0.24941847
0.25110928 0.24613941 0.25167189 0.25107942
0.25009254 0.25151771 0.25062857 0.24776118
0.24876698 0.24547732 0.25300393 0.25275176
0.25057557 0.25286457 0.24714139 0.24941847
0.25163257 0.25393124 0.24396559 0.25047059
0.24666438 0.25536072 0.24667327 0.25130163
0.24921429 0.25393738 0.24693364 0.24991469
0.25107288 0.25134758 0.24565874 0.25192081
0.25106683 0.25106683 0.24679951 0.25106683
0.24916815 0.25083027 0.24917713 0.25082445
0.25065542 0.24423207 0.25288780 0.25222471
0.25303571 0.25303424 0.24563552 0.24829453
0.24893174 0.24893781 0.25105508 0.25107537
0.24835465 0.24834672 0.25264484 0.25065378
0.25083921 0.24917497 0.24917644 0.25080938
0.24574037 0.25415846 0.24998892 0.25011226
0.24767231 0.25098760 0.25201441 0.24932568
0.25000004 0.24998897 0.24786998 0.25214101
0.24574037 0.25415846 0.24998892 0.25011226
