SampleId	Model0:Class	Model1:Probability:Class=0	Model1:Probability:Class=1	Model1:Probability:Class=2	Model2:RawFormulaVal
0	0	0.5071180387	0.1862409696	0.3066409917	0.3926013704
1	2	0.2806124165	0.3315341455	0.3878534381	1.392723421
2	1	0.3014694004	0.4180299591	0.2805006405	1.446832835
3	2	0.180461314	0.1429596569	0.6765790291	1.54084239
4	2	0.3573916765	0.2041755188	0.4384328047	0.8681159142
5	2	0.08764801739	0.09128584651	0.8210661361	1.986323832
6	0	0.5370215299	0.2074576783	0.2555207918	0.7488293828
7	2	0.1683700227	0.1115176942	0.7201122831	1.7678301
8	0	0.4318751464	0.2553584947	0.3127663589	0.4785621312
9	2	0.101068087	0.1029609924	0.7959709206	1.903405864
10	2	0.2975969054	0.2291224485	0.4732806461	1.817864639
11	0	0.4204379164	0.2333941984	0.3461678852	0.6113131952
12	2	0.180155019	0.1333582513	0.6864867297	1.493910054
13	2	0.09950939446	0.09626296847	0.8042276371	1.941962655
14	2	0.1016820426	0.1226840004	0.775633957	1.799882965
15	2	0.1248887458	0.1200534108	0.7550578434	1.712010902
16	2	0.07728875134	0.07478006451	0.8479311842	1.968777491
17	0	0.4823053645	0.2126783302	0.3050163053	1.182252042
18	2	0.1627410645	0.1452103633	0.6920485722	1.858373576
19	2	0.1104932018	0.1217627891	0.767744009	1.744689788
20	2	0.09171241274	0.1042387855	0.8040488017	1.779990122
21	2	0.1536788632	0.1413720231	0.7049491137	1.579976199
22	2	0.273172355	0.1892916974	0.5375359476	1.589723594
23	2	0.1876099426	0.1110107993	0.7013792581	1.053540563
24	2	0.2826754112	0.230897859	0.4864267298	1.142214336
25	2	0.09453053951	0.07899411702	0.8264753435	1.761426602
26	0	0.4634029365	0.2653366692	0.2712603942	0.7262241434
27	2	0.1777374649	0.1782238563	0.6440386788	1.753024897
28	2	0.2172253403	0.1642445911	0.6185300686	1.933056386
29	2	0.07728875134	0.07478006451	0.8479311842	1.820240617
30	0	0.3821696201	0.340497304	0.2773330759	0.4999488694
31	1	0.2985505289	0.4100001046	0.2914493665	0.9258945521
32	2	0.2312835631	0.2038250521	0.5648913848	1.758487383
33	2	0.1476212447	0.1782173612	0.6741613941	1.886298211
34	0	0.4928542879	0.2676436522	0.2395020599	0.4680955084
35	2	0.2138102113	0.1690930531	0.6170967357	0.8680049178
36	2	0.1552005888	0.1950679712	0.64973144	1.68768608
37	2	0.2296687887	0.3257844173	0.444546794	1.275391549
38	2	0.2988318624	0.2352229659	0.4659451717	0.5028548831
39	0	0.3618983854	0.2956095898	0.3424920248	0.932095826
40	2	0.2598819021	0.2035207443	0.5365973536	1.187656107
41	2	0.2308299948	0.2090426825	0.5601273227	1.862670926
42	2	0.08392123273	0.08071432937	0.8353644379	2.028525961
43	2	0.1997149838	0.2939733325	0.5063116837	1.705641288
44	2	0.2481324733	0.1470233863	0.6048441403	1.885212312
45	2	0.2285440704	0.164948715	0.6065072146	1.812771026
46	2	0.1735067203	0.1578317082	0.6686615715	1.786371689
47	0	0.5667699033	0.250106436	0.1831236607	0.3906041661
48	2	0.1514554574	0.2383357736	0.6102087689	1.606951994
49	2	0.09021738785	0.09438684706	0.8153957651	1.882441766
50	2	0.1524216339	0.1831463562	0.66443201	2.002888878
51	2	0.2129064147	0.3326211028	0.4544724825	1.67913775
52	2	0.2064473364	0.2674809112	0.5260717524	1.533247541
53	2	0.1849490389	0.216685422	0.5983655391	1.996468164
54	2	0.2336388404	0.2878165569	0.4785446027	1.01718503
55	0	0.489412691	0.2557375585	0.2548497505	0.6028694719
56	2	0.1923062266	0.324600643	0.4830931304	1.268298162
57	2	0.2687782663	0.219922353	0.5112993807	1.971865929
58	2	0.2579894908	0.2233816989	0.5186288103	1.886389194
59	2	0.1063589316	0.1016503286	0.7919907398	1.915757179
60	2	0.2151502229	0.188896381	0.5959533961	1.777031221
61	0	0.5785530582	0.2050308024	0.2164161394	0.4640178791
62	0	0.4474473173	0.31090039	0.2416522927	0.7832462451
63	2	0.2953911629	0.2066682977	0.4979405394	1.75826784
64	2	0.1154774091	0.1201593019	0.764363289	1.695125426
65	2	0.1064779062	0.09135109153	0.8021710023	2.029512978
66	0	0.4111909593	0.1941797714	0.3946292693	0.7841758564
67	2	0.3241713052	0.2411953262	0.4346333686	1.511304745
68	0	0.4544987709	0.2645295668	0.2809716623	0.9707942651
69	2	0.1419468846	0.2277789872	0.6302741282	1.660266793
70	2	0.3304680298	0.3001149998	0.3694169705	0.8321444737
71	2	0.2476594515	0.1897473868	0.5625931617	1.856882692
72	2	0.1488652504	0.1534765396	0.69765821	1.918105985
73	0	0.5178429478	0.2101434224	0.2720136298	0.3486735121
74	2	0.09877376696	0.1040875086	0.7971387245	1.692685312
75	2	0.2967411598	0.2691010804	0.4341577598	1.31096737
76	2	0.3138154074	0.2096051388	0.4765794538	0.69919567
77	0	0.4783558274	0.2931141669	0.2285300057	0.4007864789
78	2	0.1438303716	0.1842244171	0.6719452113	1.946004602
79	2	0.1763690916	0.1574321108	0.6661987975	1.566573668
80	0	0.4361700515	0.2280794907	0.3357504578	0.5427135832
81	2	0.2789773165	0.2401372315	0.480885452	0.7585951817
82	2	0.07887382516	0.08697709955	0.8341490753	1.999512251
83	2	0.1354157901	0.1770600243	0.6875241856	1.526994349
84	2	0.1687927145	0.1874841345	0.643723151	1.769001428
85	2	0.1477253897	0.1487836104	0.7034909999	1.924068819
86	2	0.1420148926	0.1069732179	0.7510118895	2.000663196
87	2	0.1496140514	0.1491004834	0.7012854652	1.634488587
88	2	0.09451034072	0.1116226109	0.7938670484	1.950719939
89	2	0.1495984096	0.1825220895	0.667879501	1.746307774
90	2	0.1016820426	0.1226840004	0.775633957	1.938605824
91	2	0.0900642728	0.08706323735	0.8228724898	1.828138701
92	0	0.5928892742	0.2069570057	0.2001537201	0.6459706472
93	0	0.3938230471	0.2817659937	0.3244109592	1.391211602
94	2	0.1762227741	0.1647092197	0.6590680062	2.072631055
95	2	0.07867968233	0.08016700336	0.8411533143	2.057109815
96	1	0.2788783045	0.3682481088	0.3528735867	1.437214573
97	2	0.4003603331	0.1896268067	0.4100128602	0.4352293784
98	2	0.4011271346	0.1927513347	0.4061215306	0.5055571592
99	2	0.1552357238	0.1390509712	0.705713305	1.881856344
100	0	0.41786384	0.2635163078	0.3186198521	1.19006179
