2.539962730152878212e-01 2.524267102738075308e-01 2.438847940411073278e-01 2.496922226697972091e-01
2.487301917091312153e-01 2.503834123000839851e-01 2.486243981992648233e-01 2.522619977915199208e-01
2.516682936938158810e-01 2.483229860185871551e-01 2.533259089709335443e-01 2.466828113166634195e-01
2.522768411644509823e-01 2.551811023474683249e-01 2.468298600097240114e-01 2.457121964783566537e-01
2.479237153188404985e-01 2.499036154089733230e-01 2.542489538425152240e-01 2.479237154296710377e-01
2.469830217487611890e-01 2.570501995764539194e-01 2.469950157878553487e-01 2.489717628869295707e-01
2.551085862796660941e-01 2.470509303519611011e-01 2.470531398595355310e-01 2.507873435088373015e-01
2.563298280784318539e-01 2.502243088519550684e-01 2.467229314796596518e-01 2.467229315899534259e-01
2.546242830734735674e-01 2.477385803468606651e-01 2.477559800976414095e-01 2.498811564820243858e-01
2.495649361463640747e-01 2.514136311285454228e-01 2.474469655119978240e-01 2.515744672130926785e-01
2.472337248392608156e-01 2.530989658287121080e-01 2.547606656169150718e-01 2.449066437151120879e-01
2.483794160292870923e-01 2.512388092788012117e-01 2.502468608610066703e-01 2.501349138309049702e-01
2.496526642657308503e-01 2.513319297138149611e-01 2.513365262100341058e-01 2.476788798104202494e-01
2.497739697311759932e-01 2.562415289418139008e-01 2.497715704986106511e-01 2.442129308283994826e-01
2.514277986868911907e-01 2.464372840723018376e-01 2.535663540112650938e-01 2.485685632295419611e-01
2.568572143318257339e-01 2.481631533699489023e-01 2.450542453998670878e-01 2.499253868983582760e-01
2.499954081350232726e-01 2.478617476337691694e-01 2.499954082467799044e-01 2.521474359844276258e-01
2.483528133585221898e-01 2.504861291748753938e-01 2.528082440525690755e-01 2.483528134140333965e-01
2.500605670985753259e-01 2.485153249398144304e-01 2.472494391779798406e-01 2.541746687836304308e-01
2.515572474572929096e-01 2.474321132795234413e-01 2.535785259836602634e-01 2.474321132795234413e-01
2.463032747135447398e-01 2.558373615013145863e-01 2.498045329313584584e-01 2.480548308537822710e-01
2.510009917493014608e-01 2.519948272205456696e-01 2.509754525828642446e-01 2.460287284472886526e-01
2.556055222358950552e-01 2.508341029547068723e-01 2.454378667388797675e-01 2.481225080705183328e-01
2.502351650098683655e-01 2.545497700544335218e-01 2.484782436553407137e-01 2.467368212803574823e-01
2.530600441470050033e-01 2.507357950632980170e-01 2.489758750131527976e-01 2.472282857765442099e-01
2.493045959044327131e-01 2.544846076246864430e-01 2.488885279742525380e-01 2.473222684966282781e-01
2.566270752776382280e-01 2.472084903763937247e-01 2.472084903763937247e-01 2.489559439695744336e-01
2.522768411644509823e-01 2.551811023474683249e-01 2.468298600097240114e-01 2.457121964783566537e-01
2.479099479723881339e-01 2.562701559720113043e-01 2.479099479723881339e-01 2.479099480832125113e-01
2.484702626516614443e-01 2.484598232222801351e-01 2.467143228773481523e-01 2.563555912487102129e-01
2.488423894286866389e-01 2.488423894286866389e-01 2.488423894286866389e-01 2.534728317139400278e-01
2.484643267223463348e-01 2.563419174913182941e-01 2.484675516138775686e-01 2.467262041724578303e-01
2.536945477683573702e-01 2.498102332866992126e-01 2.466806912304889687e-01 2.498145277144545040e-01
2.521474358719515418e-01 2.499954082470204342e-01 2.478617476340076731e-01 2.499954082470204342e-01
2.475436784824145975e-01 2.475436784824145975e-01 2.494032684626732999e-01 2.555093745724976162e-01
2.478326706900678134e-01 2.491502084586950938e-01 2.553565755406257409e-01 2.476605453106114352e-01
2.490437878550521844e-01 2.551130427967355785e-01 2.506192660932146654e-01 2.452239032549975994e-01
2.498383880952482761e-01 2.533552353694569770e-01 2.479212667078871946e-01 2.488851098274074691e-01
2.506798939361590817e-01 2.500989068548172267e-01 2.485265352054584209e-01 2.506946640035653262e-01
2.455052503259310126e-01 2.504633181612793136e-01 2.570423320034312953e-01 2.469890995093584896e-01
2.515606817012709939e-01 2.515700448069554396e-01 2.494275065707327044e-01 2.474417669210409454e-01
2.528062655333704334e-01 2.483547939418677686e-01 2.504841465828940295e-01 2.483547939418677686e-01
2.551085862796660941e-01 2.470509303519611011e-01 2.470531398595355310e-01 2.507873435088373015e-01
2.556055222358950552e-01 2.508341029547068723e-01 2.454378667388797675e-01 2.481225080705183328e-01
2.479226871022804091e-01 2.539317538339134761e-01 2.502228719061105888e-01 2.479226871576954705e-01
2.552938099521336324e-01 2.482262819782733720e-01 2.482437159824467388e-01 2.482361920871462568e-01
2.505223199020077396e-01 2.545506455167001469e-01 2.451274789533701148e-01 2.497995556279220819e-01
2.490437878550521844e-01 2.551130427967355785e-01 2.506192660932146654e-01 2.452239032549975994e-01
2.543977831607855400e-01 2.474852012961184511e-01 2.524712455354453100e-01 2.456457700076507267e-01
2.472337248392608156e-01 2.530989658287121080e-01 2.547606656169150718e-01 2.449066437151120879e-01
2.581118531383420622e-01 2.472869687404959660e-01 2.473043367726425745e-01 2.472968413485193140e-01
2.500067600657860933e-01 2.499989660219485710e-01 2.516556599256596360e-01 2.483386139866057551e-01
2.594312701145014555e-01 2.462728661280345621e-01 2.462784211302061488e-01 2.480174426272578891e-01
2.463032747135447398e-01 2.558373615013145863e-01 2.498045329313584584e-01 2.480548308537822710e-01
2.493045959044327131e-01 2.544846076246864430e-01 2.488885279742525380e-01 2.473222684966282781e-01
2.515940306080144961e-01 2.515834599341347788e-01 2.444245142485816369e-01 2.523979952092691437e-01
2.522768411644509823e-01 2.551811023474683249e-01 2.468298600097240114e-01 2.457121964783566537e-01
2.529947676435052029e-01 2.459972794576163746e-01 2.550008945523781767e-01 2.460070583465003569e-01
2.488423894286866389e-01 2.488423894286866389e-01 2.488423894286866389e-01 2.534728317139400278e-01
2.494746847722061067e-01 2.474748884819671368e-01 2.570461631775464717e-01 2.460042635682803125e-01
2.470013816434140641e-01 2.550215716668259858e-01 2.509756649359277669e-01 2.470013817538322665e-01
2.515516305764681770e-01 2.544475429909244801e-01 2.497798249018411687e-01 2.442210015307662574e-01
2.550597641178063979e-01 2.517006339312543028e-01 2.450631573251891848e-01 2.481764446257500589e-01
2.502646006006993828e-01 2.485939688618357957e-01 2.502413521261193097e-01 2.509000784113455396e-01
2.525325586152279977e-01 2.545439556327927511e-01 2.451170634771421275e-01 2.478064222748371237e-01
2.474290068867143755e-01 2.495623187559428136e-01 2.535862313276951996e-01 2.494224430296476946e-01
2.497739697311759932e-01 2.562415289418139008e-01 2.497715704986106511e-01 2.442129308283994826e-01
2.479263844970342467e-01 2.479263844970342467e-01 2.519165120725690432e-01 2.522307189333624633e-01
2.538410223577945435e-01 2.503874533400221036e-01 2.472506800570970775e-01 2.485208442450863586e-01
2.525815190660098408e-01 2.485901193160812983e-01 2.502374770701833451e-01 2.485908845477255713e-01
2.534728317139400833e-01 2.488423894286866667e-01 2.488423894286866667e-01 2.488423894286866667e-01
2.465784216257149442e-01 2.495447025734629787e-01 2.522922133133808642e-01 2.515846624874412685e-01
2.538410223577945435e-01 2.503874533400221036e-01 2.472506800570970775e-01 2.485208442450863586e-01
2.498166186274420886e-01 2.518216918802364535e-01 2.520407430060763176e-01 2.463209464862451958e-01
2.473571730150234405e-01 2.544054663040573594e-01 2.508734126418057930e-01 2.473639480391134626e-01
2.550220845646357648e-01 2.489836836259151087e-01 2.489882371761214519e-01 2.470059946333276746e-01
2.490437878550521844e-01 2.551130427967355785e-01 2.506192660932146654e-01 2.452239032549975994e-01
2.491603331562603496e-01 2.541982474810853820e-01 2.513027584021365612e-01 2.453386609605177349e-01
2.577719805283930077e-01 2.474050729820971295e-01 2.474114731894541952e-01 2.474114733000556954e-01
2.493352150096128927e-01 2.476707873486028721e-01 2.533331287320683134e-01 2.496608689097160050e-01
2.490437878550521844e-01 2.551130427967355785e-01 2.506192660932146654e-01 2.452239032549975994e-01
2.487301917091312153e-01 2.503834123000839851e-01 2.486243981992648233e-01 2.522619977915199208e-01
2.478464780078339647e-01 2.478464780078339647e-01 2.478430802868293037e-01 2.564639636975027392e-01
2.529591712511345403e-01 2.505391799890190896e-01 2.482545864923078882e-01 2.482470622675385652e-01
2.551325711519650818e-01 2.508849431826084553e-01 2.480271948690132289e-01 2.459552907964132618e-01
2.489877023667464440e-01 2.489862436939725976e-01 2.550159166164931435e-01 2.470101373227878427e-01
2.500067600657860933e-01 2.499989660219485710e-01 2.516556599256596360e-01 2.483386139866057551e-01
2.487107863931531937e-01 2.576848067960391120e-01 2.487083973731175346e-01 2.448960094376901597e-01
2.576239382104668074e-01 2.497912852634711633e-01 2.462951511993919651e-01 2.462896253266700086e-01
2.472337248392608156e-01 2.530989658287121080e-01 2.547606656169150718e-01 2.449066437151120879e-01
2.479237153188404985e-01 2.499036154089733230e-01 2.542489538425152240e-01 2.479237154296710377e-01
2.470452088042765504e-01 2.470452088042765504e-01 2.489016010297221415e-01 2.570079813617247577e-01
2.512777218424768200e-01 2.475485873821353378e-01 2.475508013405206820e-01 2.536228894348672158e-01
2.507357950632980170e-01 2.530600441470050033e-01 2.489758750131527976e-01 2.472282857765442099e-01
2.554388965528746613e-01 2.487975908455259677e-01 2.488150649751892651e-01 2.469484476264101336e-01
2.497739697311759932e-01 2.562415289418139008e-01 2.497715704986106511e-01 2.442129308283994826e-01
2.594312701145014555e-01 2.462728661280345621e-01 2.462784211302061488e-01 2.480174426272578891e-01
2.520110454290073188e-01 2.523959421920541346e-01 2.488565620936046552e-01 2.467364502853339470e-01
2.533272383831893237e-01 2.544411828299552036e-01 2.480166817948225855e-01 2.442148969920328594e-01
2.448223973809131593e-01 2.512658078478475221e-01 2.558645447524909855e-01 2.480472500187483609e-01
