{
  "FeatureStatistics":
    {
      "CatFeaturesStatistics":
        [
          {
            "CatFeatureCount":1
          },
          {
            "CatFeatureCount":1
          },
          {
            "CatFeatureCount":1
          },
          {
            "CatFeatureCount":7
          },
          {
            "CatFeatureCount":12
          },
          {
            "CatFeatureCount":6
          },
          {
            "CatFeatureCount":13
          },
          {
            "CatFeatureCount":6
          },
          {
            "CatFeatureCount":4
          },
          {
            "CatFeatureCount":2
          },
          {
            "CatFeatureCount":7
          }
        ],
      "FloatFeaturePairwiseProductSum":
        [
          [
            "168730",
            "846098692",
            "40135",
            "3890894",
            "666543",
            "156385"
          ],
          [
            "846098692",
            "6.152885338e+12",
            "226435579",
            "1.143215304e+10",
            "3347448880",
            "852570371"
          ],
          [
            "40135",
            "226435579",
            "11455",
            "906971",
            "194497",
            "41079"
          ],
          [
            "3890894",
            "1.143215304e+10",
            "906971",
            "989813173",
            "0",
            "2937715"
          ],
          [
            "666543",
            "3347448880",
            "194497",
            "0",
            "31250680",
            "728240"
          ],
          [
            "156385",
            "852570371",
            "41079",
            "2937715",
            "728240",
            "163034"
          ]
        ],
      "FloatFeatureStatistics":
        [
          {
            "MaxValue":72,
            "MinValue":17,
            "ObjectCount":101,
            "Sum":"3872",
            "SumSqr":"168730"
          },
          {
            "MaxValue":749105,
            "MinValue":30226,
            "ObjectCount":101,
            "Sum":"21849792",
            "SumSqr":"6.152885338e+12"
          },
          {
            "MaxValue":16,
            "MinValue":4,
            "ObjectCount":101,
            "Sum":"1039",
            "SumSqr":"11455"
          },
          {
            "MaxValue":20051,
            "MinValue":0,
            "ObjectCount":101,
            "Sum":"71645",
            "SumSqr":"989813173"
          },
          {
            "MaxValue":2415,
            "MinValue":0,
            "ObjectCount":101,
            "Sum":"15650",
            "SumSqr":"31250680"
          },
          {
            "MaxValue":80,
            "MinValue":7,
            "ObjectCount":101,
            "Sum":"3932",
            "SumSqr":"163034"
          }
        ],
      "PairwiseProductDocsUsed":101,
      "TextFeaturesStatistics":
        [
        ]
    },
  "ObjectCount":101,
  "SampleIdStatistics":
    {
      "ObjectCount":0,
      "SumLen":"0"
    },
  "TargetsStatistics":
    {
      "TargetCount":1,
      "TargetStatistics":
        [
          {
            "TargetType":"String",
            "TargetsDistributionInSample":
              [
                {
                  "Count":79,
                  "Value":"1"
                },
                {
                  "Count":22,
                  "Value":"0"
                }
              ]
          }
        ],
      "TargetType":"String"
    }
}