0.24848780 0.25200273 0.24673573 0.25277374
0.25019042 0.25160702 0.24846328 0.24973928
0.25173476 0.24942175 0.24942175 0.24942175
0.24970408 0.24813899 0.24814030 0.25401662
0.24812852 0.24999648 0.25187851 0.24999648
0.25248489 0.25045600 0.24931318 0.24774593
0.24694717 0.24724129 0.25385311 0.25195843
0.25065668 0.24602072 0.25267086 0.25065174
0.25013699 0.25300651 0.24674080 0.25011570
0.25006380 0.25158031 0.25029499 0.24806090
0.24898379 0.25250574 0.24722822 0.25128224
0.24991016 0.24792280 0.24791885 0.25424819
0.25081977 0.24566448 0.25248832 0.25102743
0.24862018 0.25291345 0.24506944 0.25339692
0.25042511 0.25171588 0.24743883 0.25042018
0.24773631 0.24617809 0.25087286 0.25521274
0.25018420 0.25017872 0.24464610 0.25499098
0.24766589 0.24749675 0.25569860 0.24913876
0.25089642 0.25303897 0.24987733 0.24618728
0.24999084 0.25000002 0.24786632 0.25214283
0.24714568 0.24855331 0.24855331 0.25574770
0.24817349 0.24966155 0.24462913 0.25753582
0.24775093 0.24831192 0.25088766 0.25304948
0.25213822 0.24786178 0.24786178 0.25213822
0.24832919 0.24834543 0.25333657 0.24998881
