0.24931447 0.25204916 0.24795828 0.25067809
0.24664486 0.25103886 0.25262925 0.24968703
0.24668121 0.25213485 0.24979814 0.25138580
0.25274009 0.24975132 0.24644942 0.25105918
0.25041868 0.24807115 0.24743874 0.25407143
0.25166735 0.25082985 0.24750765 0.24999515
0.24791317 0.25249436 0.24627462 0.25331785
0.24890824 0.25123466 0.24788722 0.25196988
0.25048299 0.24941975 0.24819025 0.25190701
0.24745517 0.25016342 0.24982403 0.25255739
0.25170498 0.24942130 0.24744597 0.25142775
0.24835914 0.24836255 0.24818290 0.25509541
0.25108685 0.25024546 0.24693961 0.25172808
0.25273872 0.25189298 0.24645048 0.24891782
0.25047486 0.24964476 0.24790382 0.25197656
0.25003768 0.24630955 0.25183174 0.25182103
0.24745517 0.25016342 0.24982403 0.25255739
0.24906175 0.24906353 0.25138212 0.25049260
0.24979472 0.24895745 0.24937423 0.25187359
0.24791710 0.24672420 0.25394202 0.25141668
0.25103237 0.24655666 0.24630038 0.25611058
0.25287633 0.25057709 0.24941730 0.24712928
0.24740558 0.24622303 0.25778020 0.24859119
0.25107992 0.25256623 0.24693868 0.24941517
0.24664486 0.25103886 0.25262925 0.24968703
