0.23766143 0.28505020 0.21700883 0.26027954
0.19922842 0.26443712 0.29454242 0.24179204
0.20003631 0.28829634 0.24123726 0.27043010
0.29603457 0.24337584 0.19614215 0.26444744
0.25481604 0.21817389 0.21013531 0.31687477
0.27791180 0.26289330 0.21050850 0.24868640
0.21521435 0.29002726 0.19420358 0.30055481
0.23298372 0.27234152 0.21282555 0.28184921
0.25897909 0.23961162 0.22391909 0.27749021
0.21077104 0.25088474 0.24556995 0.29277428
0.27583771 0.23876003 0.21165681 0.27374545
0.21884396 0.21968204 0.21820397 0.34327003
0.26743650 0.25130302 0.20317577 0.27808472
0.29567440 0.27825026 0.19639210 0.22968324
0.25585593 0.24295622 0.21736004 0.28382781
0.24511347 0.19267259 0.28268240 0.27953154
0.21077104 0.25088474 0.24556995 0.29277428
0.23328501 0.23378331 0.27526436 0.25766733
0.24750711 0.23235974 0.23921914 0.28091401
0.21403951 0.19627043 0.32025824 0.26943182
0.26046269 0.19332119 0.19095205 0.35526408
0.29536658 0.26005309 0.23853279 0.20604755
0.20197159 0.18682456 0.39354577 0.21765808
0.26537852 0.29322474 0.20294918 0.23844756
0.19922842 0.26443712 0.29454242 0.24179204
