0.25022810 0.24846880 0.24793371 0.25336938
0.24832188 0.25289656 0.24503814 0.25374342
0.24922963 0.25317105 0.24694492 0.25065439
0.25073086 0.24722574 0.24722522 0.25481818
0.24886111 0.24425698 0.25667987 0.25020204
0.25037612 0.24696386 0.24883328 0.25382675
0.24922963 0.25317105 0.24694492 0.25065439
0.25282179 0.24631717 0.24982259 0.25103845
0.25401204 0.24767097 0.24767429 0.25064271
0.25036830 0.25019959 0.25515413 0.24427798
0.25091556 0.25023489 0.24793898 0.25091057
0.24666627 0.25628525 0.24667155 0.25037692
0.24799652 0.25222868 0.24602573 0.25374907
0.25049577 0.25350929 0.24849884 0.24749610
0.24631162 0.24981301 0.25004807 0.25382729
0.25037612 0.24696386 0.24883328 0.25382675
0.25502748 0.24667523 0.24997298 0.24832432
0.24928500 0.24806938 0.25159974 0.25104589
0.25107748 0.24791539 0.25172386 0.24928328
0.25037718 0.24722391 0.25516317 0.24723574
0.24748993 0.25679840 0.24749523 0.24821643
0.24599458 0.25524681 0.24452827 0.25423033
0.25022810 0.24846880 0.24793371 0.25336938
0.25142971 0.24779650 0.25134226 0.24943153
0.24599458 0.25524681 0.24452827 0.25423033
